150, 0
151, 0
152, 3.5
153, 1.2
154, 0.6
155, 1.1
156, 1.2
157, 1.1
158, 0.1
159, 0.1
160, 15
161, 1.4
162, 2
163, 17.5
164, 1.3
165, 2.34
166, 3.1
167, 0.1
169, 4.3
170, 2.7
171, 0.1
172, 4
173, 4
174, 8.2
175, 3.6
176, 20
177, 2.4
178, 3
179, 3
180, 11.3
181, 15.3
182, 12.9
183, 8
184, 11.3
185, 12
186, 14.1
187, 33.6
188, 11
189, 16.5
190, 2, r
191, 1, r
192, 7.1, r
193, 1.3, r
194, 0.1, r
195, 1, r
196, 0.1, r
198, 0.1, r
204, 4, m
205, 0.4, m
208, 6.6, m
210, 7, r
211, 1, r
212, 0.1, r
213, 0.1, r
214, 15.2, m
215, 14.5, m
217, 1, m
219, 4.1, m
220, 13.8, m
